['y' 'ŷ']
[33.86 33.79]
[37.43 37.42]
[39.57 39.33]
[38.86 38.93]
[37.29 37.17]
[38.86 39.24]
[39.   41.73]
[39.71 39.55]
[36.57 35.76]
[35.   34.87]
[39.14 39.3 ]
[38.86 38.88]
[38.43 38.65]
[38.71 39.  ]
[38.57 39.42]
[39.14 39.42]
[39.71 38.83]
[39.71 39.74]
[37.71 39.72]
[38.57 38.38]
[39.43 39.26]
[39.14 40.02]
[39.86 38.  ]
[37.43 37.28]
[36.   36.7 ]
[38.86 40.54]
[40.57 38.55]
[38.14 38.2 ]
[38.29 38.35]
[38.71 39.82]
[39.29 38.93]
[39.29 41.31]
[39.14 38.91]
[36.86 37.29]
[39.57 39.56]
[39.   39.06]
[37.   37.01]
[38.57 38.58]
[34.14 38.55]
[39.29 38.96]
[39.   35.55]
[35.57 38.66]
[39.29 39.31]
[35.86 39.37]
[38.86 36.71]
[37.14 37.16]
[37.71 37.22]
[38.14 36.58]
[38.86 34.98]
[38.86 39.01]
[39.71 39.64]
[38.86 38.46]
[41.57 39.64]
[38.43 41.03]
[40.   38.54]
[39.   38.83]
[37.14 37.27]
[37.57 35.46]
[38.57 41.42]
[40.14 41.15]
[38.57 41.28]
[39.   38.89]
[39.43 37.65]
[35.71 40.13]
[38.43 38.44]
[35.57 35.55]
[39.   39.15]
[37.14 38.08]
[37.   37.24]
[38.57 38.7 ]
[40.71 36.5 ]
[40.86 40.9 ]
[38.71 38.74]
[34.   36.14]
[37.57 40.2 ]
[38.43 38.43]
[40.29 40.28]
[36.71 35.84]
[39.43 38.64]
[39.29 39.29]
[40.   39.91]
[39.29 39.21]
[40.57 40.56]
[38.14 38.21]
[40.57 40.61]
[39.57 39.66]
[38.57 38.59]
[41.43 39.25]
[40.71 41.3 ]
[33.43 33.5 ]
[38.71 38.75]
[39.29 39.3 ]
[39.86 39.22]
[41.29 41.27]
[39.14 38.71]
[40.43 40.13]
[38.43 38.45]
[39.29 39.47]
[40.   39.85]
[39.   39.17]
[38.57 38.57]
[40.   40.03]
[40.29 40.31]
[39.43 35.13]
[41.29 41.23]
[40.14 40.17]
[37.57 36.78]
[38.43 39.33]
[40.   39.84]
[37.   36.79]
[38.57 38.69]
[42.43 42.47]
[24.43 24.71]
[41.43 41.45]
[39.   39.  ]
[37.57 37.21]
[39.71 38.71]
[39.57 39.75]
[39.43 39.47]
[38.57 38.11]
[40.71 40.71]
[38.43 38.59]
[40.71 41.06]
[39.29 37.64]
[40.43 40.72]
[39.29 39.07]
[40.57 40.67]
[38.71 38.42]
[39.29 39.39]
[38.14 38.06]
[40.14 37.55]
[36.29 38.4 ]
[39.57 39.58]
[39.29 38.94]
[37.43 37.13]
[38.43 38.41]
[41.14 41.15]
[38.86 38.83]
[39.29 37.41]
[40.43 40.45]
[33.86 33.88]
[38.14 38.14]
[39.29 40.24]
[41.57 41.46]
[39.43 38.92]
[35.71 36.4 ]
[38.71 38.11]
[37.14 37.14]
[37.86 37.85]
[40.29 40.02]
[40.71 40.75]
[37.14 37.18]
[38.86 38.23]
[40.29 40.28]
[37.86 37.88]
[38.71 39.01]
[38.14 38.04]
[41.71 41.13]
[40.71 40.67]
[40.29 40.43]
[39.29 39.3 ]
[38.29 38.61]
[40.71 40.73]
[38.57 40.17]
[40.71 40.74]
[39.14 39.1 ]
[40.   40.31]
[39.14 39.57]
[41.86 41.77]
[39.86 39.39]
[39.29 38.88]
[39.57 40.22]
[40.   37.32]
[37.86 37.88]
[40.71 40.72]
[39.86 39.86]
[40.71 40.9 ]
[38.43 38.44]
[38.71 38.82]
[39.71 38.59]
[39.86 36.94]
[39.29 39.77]
[39.14 41.06]
[39.43 35.41]
[39.86 39.74]
[39.57 39.14]
[39.14 41.33]
[37.86 37.18]
[39.86 39.48]
[39.57 41.69]
[41.   40.36]
[38.57 37.42]
[39.43 39.36]
[40.43 40.78]
[38.29 37.44]
[39.57 39.52]
[40.57 40.58]
[39.71 39.7 ]
[40.   40.03]
[38.43 38.74]
[39.   37.83]
[40.29 39.01]
[39.   39.01]
[38.86 38.96]
[40.71 39.82]
[38.86 38.93]
[37.57 36.89]
[39.   39.01]
[40.29 40.28]
[40.   40.15]
[39.57 39.67]
[39.71 39.66]
[38.43 38.28]
[37.29 37.37]
[39.14 38.6 ]
[41.43 40.5 ]
[39.   38.81]
[39.14 39.76]
[40.29 40.27]
[39.43 40.69]
[39.86 39.95]
[30.   34.17]
[40.86 40.85]
[40.71 40.71]
[39.71 39.14]
[36.43 36.42]
[41.29 41.58]
[40.86 41.59]
[36.   40.91]
[39.   38.96]
[39.14 38.26]
[40.29 40.07]
[39.14 39.04]
[39.57 39.41]
[38.43 38.69]
[40.43 40.56]
[40.29 39.65]
[39.   38.83]
[39.57 38.39]
[41.14 41.29]
[38.29 39.62]
[40.29 40.36]
[41.   40.13]
[41.14 41.15]
[37.43 39.18]
[38.57 38.7 ]
[39.29 40.6 ]
[38.86 38.84]
[39.   39.04]
[35.86 35.91]
[40.   39.74]
[39.71 39.5 ]
[38.57 38.79]
[38.57 38.42]
[40.57 38.94]
[37.71 40.08]
[40.57 40.34]
[40.71 40.48]
[41.71 41.63]
[38.57 36.23]
[39.71 39.77]
[39.86 39.89]
[40.   39.74]
[39.14 39.77]
[38.43 38.56]
[39.57 39.14]
[40.   39.97]
[39.71 39.74]
[22.14 22.97]
[38.43 38.56]
[38.57 38.66]
[40.57 41.44]
[39.86 41.74]
[37.   37.03]
[38.29 38.3 ]
[40.57 40.36]
[38.57 37.1 ]
[38.71 37.93]
[39.71 39.66]
[38.71 40.09]
[40.57 40.64]
[39.57 39.01]
[40.86 39.44]
[38.29 38.27]
[37.86 37.54]
[38.14 38.66]
[39.86 40.49]
[38.   38.05]
[38.71 40.84]
[35.29 35.24]
[39.43 39.44]
[40.71 40.9 ]
[39.14 40.24]
[35.57 35.94]
[41.29 41.35]
[38.14 38.88]
[37.57 37.98]
[39.43 39.37]
[40.14 40.12]
[38.   38.02]
[37.86 37.86]
[38.86 38.84]
[38.86 38.87]
[38.86 35.81]
[39.71 39.77]
[38.43 38.45]
[41.14 40.87]
[41.   41.41]
[39.14 39.04]
[41.   41.01]
[38.29 37.93]
[39.86 39.83]
[37.14 37.8 ]
[39.29 39.25]
[39.43 39.45]
[36.43 36.43]
[39.14 41.93]
[40.   39.24]
[42.14 42.15]
[39.43 43.1 ]
[40.   35.6 ]
[38.57 39.08]
[40.57 38.54]
[38.43 38.87]
[33.29 33.83]
[38.29 37.35]
[39.29 38.45]
[40.14 38.73]
[36.29 36.18]
[37.57 39.17]
[39.71 39.82]
[38.86 38.56]
[39.14 39.15]
[40.29 40.28]
[38.57 38.53]
[36.43 38.33]
[39.43 40.05]
[39.14 38.93]
[40.29 39.65]
[39.86 40.66]
[38.71 40.69]
[39.71 39.63]
[39.   39.25]
[39.29 39.75]
[38.86 39.74]
[39.86 40.  ]
[40.71 39.38]
[39.43 39.59]
[40.29 40.3 ]
[40.14 40.1 ]
[40.14 35.47]
[40.14 37.8 ]
[40.29 40.27]
[40.14 42.54]
[40.   38.99]
[40.71 38.45]
[41.   41.04]
[38.86 39.13]
[38.   38.25]
[39.14 38.91]
[34.   34.96]
[37.14 36.76]
[38.43 38.01]
[37.14 38.22]
[40.43 39.11]
[41.14 41.12]
[39.57 39.38]
[36.29 37.58]
[35.14 37.55]
[39.57 38.92]
[39.71 39.32]
[40.   39.87]
[37.57 36.59]
[41.43 38.  ]
[41.   41.38]
[39.57 40.45]
[40.57 40.08]
[40.57 41.1 ]
[39.   39.22]
[38.43 41.25]
[39.86 35.89]
[39.14 39.88]
[39.   39.01]
[39.57 39.59]
[39.   37.52]
[40.29 39.18]
[38.71 37.02]
[40.43 39.77]
[39.14 39.15]
[39.43 39.34]
[40.14 40.14]
[39.14 39.19]
[39.86 39.2 ]
[39.86 39.34]
[40.29 38.04]
[39.43 39.65]
[39.29 40.81]
[38.14 40.47]
[39.   37.99]
[39.71 39.81]
[39.86 40.72]
[39.14 37.41]
[40.   41.4 ]
[39.14 39.06]
[40.   40.25]
[39.14 39.91]
[40.71 40.75]
[39.14 39.14]
[40.29 41.08]
[39.43 39.46]
[40.   40.24]
[38.86 38.47]
[40.29 40.23]
[39.71 39.43]
[39.57 39.41]
[38.29 38.37]
[39.29 39.11]
[38.14 35.  ]
[39.71 37.97]
[39.86 37.81]
[38.71 39.97]
[41.57 40.98]
[39.   38.87]
[40.86 40.56]
[38.86 38.83]
[38.14 38.66]
[35.14 38.5 ]
[38.71 38.69]
[38.86 39.06]
[40.43 36.49]
[39.14 38.4 ]
[38.29 39.83]
[37.29 37.85]
[39.   39.45]
[40.43 40.4 ]
[37.86 36.82]
[38.14 40.36]
[40.71 38.36]
[39.43 39.41]
[33.29 34.58]
[37.86 38.4 ]
[25.86 38.15]
[39.29 39.35]
[33.71 41.56]
[40.   39.35]
[37.57 39.74]
[40.14 39.91]
[40.14 39.59]
[39.71 39.48]
[38.57 38.49]
[33.57 33.65]
[40.71 39.09]
[37.86 36.44]
[37.86 40.81]
[41.29 39.4 ]
[36.43 35.65]
[41.43 41.13]
[37.43 37.49]
[39.71 40.18]
[40.43 39.08]
[39.86 39.89]
[39.   38.99]
[40.71 39.95]
[41.43 41.58]
[39.   36.01]
[39.29 42.23]
[39.71 40.61]
[39.14 39.31]
[39.57 39.61]
[38.86 40.91]
[37.57 40.83]
[40.   39.87]
[40.43 39.42]
[38.43 32.86]
[40.57 39.55]
[39.71 36.2 ]
[39.14 37.06]
[37.29 38.2 ]
[40.   39.75]
[39.43 39.09]
[37.14 40.35]
[41.71 41.74]
[34.   35.41]
[41.43 41.5 ]
[40.57 40.28]
[38.71 41.5 ]
[39.29 38.51]
[41.29 41.3 ]
[38.71 38.21]
[39.29 39.57]
[39.43 39.45]
[37.14 39.04]
[40.57 40.57]
[32.86 34.18]
[41.14 37.74]
[24.43 24.45]
[39.57 37.7 ]
[39.14 39.28]
[36.71 37.22]
[40.29 39.72]
[41.14 39.87]
[40.57 39.71]
[38.43 38.67]
[41.29 41.29]
[39.57 39.31]
[39.43 40.37]
[40.43 40.4 ]
[40.29 37.24]
[38.43 40.46]
[35.29 35.8 ]
[34.43 35.93]
[37.14 37.06]
[38.71 37.13]
[39.29 39.46]
[39.57 38.13]
[39.43 39.08]
[39.71 38.06]
[39.71 39.53]
[40.71 39.06]
[39.57 39.87]
[40.43 41.37]
[38.29 38.86]
[39.   38.41]
[37.   40.18]
[37.57 37.2 ]
[39.86 39.42]
[37.14 38.39]
[36.29 39.46]
[40.86 40.12]
[38.86 37.55]
[39.43 40.45]
[40.14 38.26]
[26.   26.02]
[38.57 39.1 ]
[40.57 40.38]
[39.86 37.58]
[40.71 40.13]
[39.   39.46]
[39.86 39.81]
[39.   39.24]
[37.43 37.82]
[38.14 38.69]
[39.71 40.15]
[39.71 37.52]
[41.14 38.35]
[38.43 38.44]
[40.57 41.83]
[40.57 38.3 ]
[37.86 41.63]
[40.71 38.94]
[39.43 38.98]
[38.71 39.77]
[40.14 39.93]
[38.57 39.37]
[39.29 36.66]
[40.43 40.69]
[41.   39.85]
[40.29 39.15]
[41.   39.37]
[37.57 38.75]
[41.57 43.22]
[40.57 40.84]
[39.14 40.61]
[38.57 38.6 ]
[38.86 41.51]
[40.43 39.47]
[38.43 38.53]
[39.   38.43]
[40.71 40.65]
[38.57 39.93]
[37.   37.31]
[32.29 32.54]
[39.86 37.34]
[38.29 39.13]
[39.86 38.53]
[39.57 39.21]
[38.86 39.23]
[39.14 39.88]
[40.57 40.5 ]
[39.14 39.68]
[41.71 41.85]
[40.57 40.81]
[38.57 39.99]
[40.29 38.09]
[27.43 27.39]
[36.71 37.38]
[41.14 40.9 ]
[39.29 38.97]
[36.86 38.09]
[36.71 34.72]
[31.14 31.15]
[40.57 38.55]
[37.57 38.63]
[36.43 38.72]
[40.   39.11]
[35.86 38.42]
[40.14 40.15]
[41.43 41.44]
[40.57 40.76]
[40.43 40.1 ]
[41.29 41.34]
[31.71 32.39]
[39.14 38.61]
[40.57 39.15]
[39.71 38.73]
[38.   37.98]
[40.14 38.01]
[40.14 39.74]
[39.14 38.6 ]
[40.14 36.42]
[40.   39.53]
[38.57 40.86]
[39.86 39.08]
[40.14 37.87]
[39.29 39.7 ]
[38.14 38.38]
[40.14 38.76]
[39.29 38.16]
[41.14 38.17]
[40.57 37.2 ]
[40.43 39.89]
[42.71 37.14]
[39.71 39.95]
[39.29 38.66]
[38.29 38.38]
[39.43 42.83]
[34.43 34.52]
[39.86 37.8 ]
[40.   39.59]
[38.   38.6 ]
[38.71 37.94]
[38.57 38.55]
[39.   38.77]
[39.14 39.15]
[37.71 39.74]
[38.86 38.24]
[39.   41.26]
[39.29 42.19]
[39.14 37.84]
[40.14 40.21]
[39.71 39.35]
[39.43 38.67]
[39.57 40.58]
[40.29 40.35]
[40.29 40.27]
[40.71 42.48]
[39.43 38.08]
[40.43 40.26]
[37.29 37.3 ]
[41.71 40.62]
[41.43 38.02]
[39.14 40.76]
[39.71 36.9 ]
[39.86 38.29]
[40.29 40.17]
[39.43 38.92]
[39.14 37.61]
[37.71 37.82]
[39.   38.96]
[38.71 38.99]
[39.43 38.18]
[42.43 42.44]
[39.71 37.9 ]
[39.14 41.67]
[38.86 39.55]
[39.   38.88]
[38.   37.8 ]
[38.   38.43]
[40.14 39.75]
[39.71 41.68]
[39.29 39.46]
[40.29 38.8 ]
[39.57 40.69]
[39.86 39.82]
[40.86 40.21]
[38.71 38.14]
[38.14 39.1 ]
[37.   40.34]
[41.14 41.24]
[40.   38.02]
[39.71 40.33]
[39.14 38.7 ]
[39.14 37.93]
[41.   41.16]
[40.43 36.63]
[38.   38.64]
[38.86 38.72]
[40.   40.91]
[38.   38.94]
[39.14 39.23]
[39.29 39.72]
[39.86 39.79]
[40.29 40.27]
[40.29 40.33]
[38.   38.03]
[38.57 39.15]
[39.57 39.66]
[38.   37.91]
[39.71 39.78]
[40.71 40.93]
[36.14 37.96]
[40.86 40.08]
[38.86 39.06]
[41.   41.48]
[41.   39.57]
[40.43 38.81]
[38.43 42.69]
[38.14 38.11]
[38.86 41.72]
[39.86 38.17]
[39.29 38.2 ]
[39.71 39.1 ]
[40.   39.75]
[38.29 42.34]
[41.43 40.02]
[40.   42.91]
[39.29 39.31]
[37.   39.46]
[39.71 40.15]
[39.43 38.56]
[39.14 37.17]
[39.   39.1 ]
[38.29 38.78]
[39.71 39.78]
[39.71 38.68]
[40.   41.73]
[39.   37.19]
[40.29 39.48]
[39.29 41.68]
[39.57 37.82]
[39.14 39.16]
[39.86 38.16]
[38.57 39.99]
[39.86 39.96]
[37.   37.43]
[41.   41.16]
[40.57 40.97]
[41.71 37.97]
[40.   39.43]
[36.57 37.06]
[40.71 40.3 ]
[40.86 40.74]
[39.43 41.34]
[39.29 38.55]
[39.86 39.74]
[40.86 38.03]
[40.86 37.97]
[38.71 38.7 ]
[40.86 37.79]
[38.43 38.47]
[39.57 39.57]
[40.43 38.81]
[20.29 21.47]
[40.   39.51]
[38.29 37.3 ]
[36.14 36.18]
[37.43 37.65]
[38.   37.99]
[37.43 37.72]
[40.14 40.5 ]
[32.57 33.55]
[39.86 39.85]
[38.14 36.68]
[35.   35.95]
[38.   37.79]
[39.43 39.59]
[38.29 38.31]
[37.57 37.41]
[40.14 40.14]
[37.   37.02]
[36.57 36.59]
[37.86 37.85]
[37.86 38.74]
[38.86 38.51]
[38.71 36.75]
[36.71 36.74]
[38.14 38.19]
[39.57 39.6 ]
[39.14 39.11]
[39.57 38.36]
[39.14 38.94]
[37.43 37.94]
[38.71 35.92]
[36.   41.18]
[38.14 38.9 ]
[27.86 27.86]
[40.29 39.28]
[38.71 38.81]
[38.29 34.49]
[39.57 40.13]
[38.86 38.9 ]
[39.71 39.74]
[39.29 39.33]
[38.43 38.71]
[39.14 39.16]
[39.14 39.18]
[37.71 37.79]
[39.29 38.84]
[31.71 31.72]
[38.57 38.57]
[38.14 38.12]
[38.43 38.48]
[39.43 37.94]
[38.14 38.18]
[23.29 23.55]
[39.   36.83]
[39.14 38.97]
[40.   40.28]
[36.14 37.83]
[38.71 38.93]
[25.29 25.29]
[40.29 40.26]
[39.29 38.97]
[37.14 37.07]
[36.71 38.61]
[39.14 39.17]
[38.86 39.05]
[33.71 35.01]
[39.71 38.96]
[39.86 39.81]
[38.57 37.05]
[38.43 40.32]
[40.29 39.2 ]
[39.43 40.75]
[38.57 39.09]
[40.29 40.29]
[40.14 36.45]
[32.57 40.49]
[33.86 34.32]
[40.57 40.59]
[38.29 42.72]
[39.71 39.72]
[37.43 37.46]
[38.86 36.87]
[35.86 38.47]
[40.57 40.54]
[32.   34.94]
[38.43 37.15]
[37.71 37.67]
[40.14 38.02]
[38.86 38.87]
[39.   39.74]
[38.57 38.37]
[38.57 38.54]
[35.29 36.64]
[39.29 38.78]
[37.86 37.72]
[38.29 41.18]
[39.29 35.71]
[40.29 38.16]
[37.71 36.93]
[40.71 38.42]
[39.43 39.52]
[22.71 31.83]
[40.86 35.62]
[37.14 37.36]
[39.86 37.39]
[40.14 40.09]
[37.71 37.16]
[40.71 40.71]
[40.29 39.79]
[39.   39.3 ]
[40.43 40.42]
[38.86 35.52]
[40.14 40.14]
[38.57 37.71]
[39.   37.53]
[38.43 38.45]
[40.14 40.19]
[37.71 40.72]
[40.   38.17]
[39.14 38.21]
[37.57 37.58]
[35.   35.02]
[38.29 37.06]
[41.43 41.48]
[38.71 38.59]
[37.86 37.79]
[37.14 37.35]
[42.14 42.19]
[35.57 35.78]
[37.57 37.58]
[34.43 34.48]
[39.43 39.47]
[40.14 40.07]
[41.14 41.  ]
[37.14 37.58]
[35.29 36.09]
[38.14 38.23]
[38.71 40.56]
[37.86 38.2 ]
[38.29 37.96]
[40.   40.37]
[36.86 36.72]
[38.57 38.64]
[38.71 38.84]
[39.57 39.58]
[38.29 41.23]
[38.57 37.22]
[35.43 35.41]
[38.86 38.96]
[37.29 37.22]
[39.57 39.58]
[39.   38.64]
[39.29 39.45]
[37.86 38.03]
[38.14 38.27]
[37.14 38.08]
[40.29 40.23]
[40.14 40.3 ]
[38.   38.6 ]
[39.14 39.19]
[38.29 38.65]
[37.86 36.9 ]
[37.29 37.26]
[38.14 38.39]
[39.57 39.53]
[37.   37.62]
[42.29 42.46]
[40.43 39.92]
[40.71 40.72]
[40.43 39.82]
[39.29 39.62]
[37.71 37.76]
[30.14 30.28]
[33.29 34.51]
[39.29 39.67]
[34.14 35.23]
[39.86 38.7 ]
[41.14 41.51]
[35.86 36.21]
[35.57 36.4 ]
[39.43 39.31]
[38.29 35.98]
[34.29 34.27]
[38.57 38.8 ]
[36.86 37.31]
[39.   39.  ]
[38.43 38.57]
[41.43 41.46]
[38.29 38.23]
[39.57 40.15]
[37.43 37.36]
[40.57 38.09]
[38.86 38.03]
[38.71 38.8 ]
[39.29 39.65]
[37.86 37.88]
[39.29 39.28]
[39.43 38.85]
[39.29 42.36]
[37.86 35.27]
[37.57 37.58]
[39.29 38.33]
[41.   40.94]
[40.   41.77]
[40.   39.93]
[32.   31.99]
[40.   40.08]
[38.   38.5 ]
[38.57 38.32]
[39.43 39.39]
[38.57 37.64]
[38.29 38.14]
[32.86 33.23]
[40.57 40.69]
[40.43 41.66]
[38.86 36.04]
[39.14 39.22]
[37.86 37.64]
[40.   38.61]
[39.86 37.76]
[38.14 37.04]
[37.   37.03]
[38.43 40.14]
[39.29 39.36]
[39.86 39.41]
[40.43 40.45]
[36.29 40.35]
[37.86 38.13]
[42.14 35.91]
[39.43 39.44]
[39.57 38.45]
[40.29 40.46]
[38.57 38.39]
[31.71 35.03]
[36.71 36.81]
[38.86 38.89]
[37.57 38.71]
[37.14 37.57]
[34.29 33.68]
[38.57 39.05]
[38.14 38.12]
[38.   37.85]
[38.57 37.68]
[40.   41.02]
[41.57 41.45]
[40.29 39.9 ]
[38.   37.99]
[39.43 39.28]
[36.71 39.56]
[40.   40.01]
[37.43 38.07]
[37.71 37.71]
[37.   36.96]
[41.   40.97]
[22.14 22.53]
[39.   39.66]
[39.29 39.97]
[37.57 38.08]
[39.86 40.  ]
[40.29 40.24]
[39.71 39.73]
[39.86 39.62]
[39.86 38.21]
[38.57 38.91]
[40.43 39.05]
[39.14 40.81]
[39.43 39.27]
[40.57 41.83]
[39.57 36.78]
[39.57 39.33]
[38.29 37.56]
[37.57 37.61]
[42.29 39.13]
[37.57 37.73]
[39.29 42.52]
[39.   38.79]
[40.57 40.64]
[40.71 40.77]
[39.29 39.7 ]
[36.86 35.95]
[39.14 40.22]
[41.14 40.37]
[39.   38.9 ]
[40.57 41.68]
[39.14 38.01]
[29.14 32.82]
[41.   39.29]
[39.43 38.05]
[38.86 38.  ]
[39.57 41.29]
[39.14 39.51]
[39.57 39.15]
[38.29 39.55]
[39.57 39.38]
[38.14 38.59]
[40.14 40.73]
[39.71 40.28]
[37.14 38.2 ]
[39.71 39.57]
[40.43 40.91]
[40.43 40.38]
[39.14 39.27]
[38.71 39.39]
[38.29 38.71]
[40.14 40.16]
[41.43 42.03]
[42.   40.29]
[39.43 41.54]
[40.43 38.67]
[39.29 39.48]
[38.29 38.22]
[42.71 38.63]
[42.71 42.85]
[39.14 41.7 ]
[40.29 37.53]
[38.29 39.19]
[39.71 39.02]
[38.   40.09]
[40.   39.96]
[41.86 41.12]
[37.86 37.72]
[37.71 38.04]
[39.71 39.32]
[34.29 37.61]
[39.57 39.58]
[39.43 39.26]
[40.71 40.16]
[40.29 40.81]
[40.29 40.38]
[39.57 41.51]
[40.71 40.64]
[38.14 40.89]
[40.43 39.87]
[41.86 41.68]
[38.29 38.63]
[39.43 38.16]
[35.   37.56]
[40.29 40.52]
[41.43 39.41]
[41.14 40.92]
[40.14 39.91]
[39.43 38.25]
[38.71 38.26]
[41.14 41.19]
[36.57 37.74]
[39.29 38.62]
[37.57 37.13]
[40.   39.03]
[37.71 41.38]
[39.29 39.69]
[40.71 40.68]
[41.43 41.1 ]
[40.43 37.09]
[40.29 40.36]
[41.   40.99]
[40.57 38.25]
[38.71 38.94]
[40.43 40.73]
[38.71 38.71]
[39.14 39.01]
[41.71 41.  ]
[35.43 38.72]
[40.71 41.31]
[38.86 38.25]
[39.86 41.02]
[37.14 38.34]
[38.57 38.27]
[38.14 39.34]
[40.29 40.33]
[40.29 41.01]

